N = 1020+-0.00000001 1
d = 233 +-0.00000001 mm
R = 64.1 +- 0.05 ohm
Ohm = 10.1 +- 0.05 ohm
Kkons = 0.001817 +- 0.0000005 F
RAmpe = 10.4 +- 0.05 ohm

ges = RAmpe + Ohm + R